00000000000
00000000000
00222222200
00222222200
00226622200
00226622200
00222222200
00222222200
00000000000
00000000000
00000000000
x
2111111113
0        0
0        0
0        0
0        0
0        0
0        0
0        0
H]]]]]]]]I
XYYYYYYYYZ
x
-1,0,9,180,1000
-1,1,9,180,1000
-1,2,9,180,1000
-1,3,9,180,1000
-1,4,9,180,1000
-1,5,9,180,1000
-1,6,9,180,1000
-1,7,9,180,1000
-1,8,9,180,1000
-1,1,8,0,1000
-1,2,8,0,1000
-1,3,8,0,1000
-1,4,8,0,1000
-1,5,8,0,1000
-1,6,8,0,1000
-1,7,8,0,1000
2,4,4,0,1000
2,5,5,0,1000