8888899::;;<<==>>????
8888899::;;<<==>>????
8888899::;;<<==>>????
8888899::;;<<==>>>>>>
88888888888888888====
77778888888888888<<<<
77778884456666588;;;;
66668884456666588::::
666688844567776889999
555588844567888888888
555588844567888888888
444488833888876544444
444488833888876544444
333388822888876533333
333388811888884222222
222288888888883111111
222288888888880000000
111101234567880000000
111001234567880000000
111001234567880000000
111001234567880000000
X
                    
                    
  2111111111111113  
  0              0  
  0           <  0  
  0           0  0  
  0    21111615  0  
  0    0    0    0  
  0    0    0    0  
  0    81111;11115  
  0    0    0       
  0    0    0       
  0    0    81113   
  0    0    0   0   
  0    =    0  25   
  0         0  0    
  0         0 LBJM  
  41111111115 XYYZ  
                    
                    
X
-1,14,17,180,1000
-1,15,17,180,1000
-1,16,17,180,1000
-1,17,17,180,1000
-1,14,16,180,1000
-1,15,16,180,1000
-1,16,16,180,1000
-1,17,16,180,1000
2,14,15,0,1000
2,17,15,0,1000
2,15,18,0,1000
2,4,4,0,1000
2,8,12,0,1000
2,15,5,0,1000